173524.38020186848
173524.38020186848
173524.38020186848
173524.38020186848
173524.38020186848
173524.38020186848
173524.38020186848
173524.38020186848
173524.38020186848
173524.38020186848
173524.38020186848
173524.38020186848
173524.38020186848
173524.38020186848
173524.38020186848
173524.38020186848
173524.38020186848
173524.38020186848
173524.38020186848
173524.38020186848
173524.38020186848
173524.38020186848
173524.38020186848
173524.38020186848
173524.38020186848
173524.38020186848
173524.38020186848
173524.38020186848
173524.38020186848
173524.38020186848
173524.38020186848
173524.38020186848
173524.38020186848
173524.38020186848
173524.38020186848
173524.38020186848
173524.38020186848
173524.38020186848
173524.38020186848
173524.38020186848
173524.38020186848
173524.38020186848
173524.38020186848
173524.38020186848
173524.38020186848
173524.38020186848
173524.38020186848
173524.38020186848
173524.38020186848
173524.38020186848
