1394762.0051465463
1391032.1938315914
1438203.6023759302
1392088.127599738
1891297.5919277768
1384748.8359564568
1301212.8857405728
2110835.0362514756
4712866.9011596935
3277096.511186427
2666644.680832354
1138835.1508993346
3137788.2529165433
3268651.5357219665
1021753.8857558972
3440105.293394906
3222596.389135419
1067354.5275655834
4104958.3826836115
4273046.580558304
4495760.60566211
2662182.025999766
3441837.4781120187
2629319.0853292877
4571623.566657972
4183037.6805170667
5323874.646942141
8148725.050976121
2981122.882528945
2690748.7902163845
3448835.5194295533
2628951.052521824
8382110.02857879
6354042.2947535915
8462629.391658882
8700905.719159361
5020785.855611482
5305876.231886556
5078893.202389725
2662893.1005478385
6331940.626315528
3799513.104587659
2556207.684903635
9316981.51098031
4321240.895250718
3630039.4889872405
1884801.7422191775
3457575.1422705906
2367046.80488517
1212273.927856103
3559897.5781198875
7394464.44558391
2799218.1748746783
1726351.458521985
6299581.804769453
3004731.958855776
1985013.4617479884
2090904.8000552452
6205343.2690862585
11100574.69799581
4388227.111077055
5374290.894813724
710982.7954135252
5652388.765368815
5209690.130140162
5297126.521577193
2249780.518742183
5034854.527499028
3484602.55092645
7483913.505068008
3294465.3859086754
3932410.04680516
5163905.679503954
2954285.8640201483
1848803.1024142604
7677054.347284528
4389965.546786251
7349702.404398765
3946748.42843753
5629622.797567341
3325909.521733327
1229058.455061965
1753018.269643138
1918846.4976418882
4380197.881020224
5119203.202782479
528333.0064766746
4884603.318605917
4523724.937415698
3223682.268332816
3205703.2214092766
2772795.621402459
1527010.4715026475
443845.0543526177
3676536.2694044933
3277997.1790526495
1105952.218440781
5125587.677948794
3952827.987696755
7283170.516437505
1758796.3187101875
2458990.4552985183
8059130.2724734675
3423852.3373707943
4089371.575433924
1783665.1240399359
2147841.3107604748
3199531.5721666273
5727107.469798541
1634222.1989056924
1658870.7996971055
1932015.2339953629
5379567.126710722
1126393.82191533
1353402.832560339
9314229.491502889
1558464.3721388425
1322730.1379890095
5128630.615728083
16211407.843356218
1343102.9773020986
1077037.7349459166
1385332.8351264533
12600677.84575116
10255155.38725557
5928020.2287200615
6899026.026213651
6884468.403931743
1176810.4575318045
3369981.933855866
4776708.158822172
2354854.8628710536
1232872.152310517
3964707.3659015475
6174194.299657724
4676238.609421164
990768.7198084656
1136258.6052983033
6223377.819421037
6685574.358815048
11642012.816131545
1187238.60555279
288603.5880338552
4664786.950879015
3660242.220553585
5014146.784611933
4249795.382682127
1927709.6642240037
7260864.432592507
2642280.230732882
919299.7050215735
2462075.0399674005
968195.3356642781
4560481.958528035
13848492.207439248
1455354.1693279205
2832576.010958944
904799.5558406845
5144431.7179432325
13204565.757830184
3368685.386365207
800883.4152747793
2685743.527341108
834701.5687860112
12814022.582942314
5230332.424710791
3009592.3564037695
2168418.4032915807
5126079.84511379
12092608.86192821
7067851.006635585
16012530.013469331
6667601.799416465
5243756.084776195
4853097.214216409
1345206.187719753
2281606.8309009233
9361528.729220623
1586575.6183484758
1834165.254920415
1137827.9377993904
846674.1903451934
10121918.497120496
7846181.398490647
979641.5387204619
9599599.746939957
1743191.6436169895
1856103.5538671892
9323847.52053329
1044443.1429176991
1816698.9271055723
4260624.273550955
6926353.659328535
4788403.443314458
625565.4555069879
2372042.6981341825
3326950.920978164
460577.45786699554
393215.008330548
4313686.65603233
1180877.1973890949
1103425.950946927
974800.3097080496
5520883.227862838
1001057.602896897
805901.8725739649
926422.7522553174
736542.7338127594
5454852.2113348
611123.8884819814
5616836.552233675
673152.9199698982
3434724.2204834116
5521254.787578129
29346.032260428783
1249012.0920214194
1362767.5678112307
4395945.437715044
376797.6232490186
