1761.6688528377597
1720.1848230127646
1720.1542960492332
1713.247937355535
1710.5228151246945
2763.671391186548
2805.113566860027
2847.044431443394
2814.4981683273522
2758.477530589883
2791.568197222781
21209.082214002432
21403.218178155348
21708.391709648156
21889.540847653487
138073.57641703487
155540.85927926766
157409.4793279714
159627.42909839057
161583.8021489093
1281433.5942292144
1295822.1635009523
1267154.272827985
1281470.4135713584
1295708.2989846522
10762684.162388159
11064766.364197828
11178907.30371168
11292975.98527852
84497308.89345689
95100913.48101212
93159717.76440607
94130203.86774722
898694769.9099743
881587990.0912691
864469827.9494861
7046863711.211118
8088265613.557764
8169148302.858748
8007383064.314088
8088265778.782169
8169148492.11373
8250031091.227709
72066449070.03589
72794392972.48524
73522336967.82204
74248828817.87311
643929500442.7673
732915790157.3668
719943829309.7135
726429809670.1775
713457848857.7063
700485888048.8016
706971846284.5907
693999907632.9728
681027946779.487
668055985923.5671
655084025068.4857
661570005500.3467
5418482728794.273
6036197311431.214
5919562057441.318
56498795945532.484
55412291321974.336
55877173784672.04
56498806838057.03
57042064596102.86
55955549080098.58
56498795564388.875
445712721623190.5
498319390161231.6
3793937589266517.0
4388283203257428.0
3.113878989160805e+16
3.6361199392230664e+16
3.468858422018834e+17
3.4034082631128186e+17
3.436133342551931e+17
3.4688584220188346e+17
3.501583501471843e+17
3.130238755546035e+17
3.468858422018834e+17
3.501583500376424e+17
3.436133342565827e+17
3.4688584220170336e+17
3.468858422018835e+17
3.5278290151812413e+18
3.46538956359682e+18
3.49660928939499e+18
3.4341698377986514e+18
-3.8157442642206874e+17
3.2468514830096195e+18
3.278071208705367e+18
3.3092909346059704e+18
3.2468514830096317e+18
3.1317894491512705e+19
3.5234582535814144e+19
3.554365782121605e+19
3.5245821637101535e+19
3.556051647219637e+19
