1732.2679777149685
1732.2679777149685
1706.4500505979913
1693.8949864691403
1706.4500505979913
1553.7205248487749
1553.7205248487749
1579.3599291680193
1563.7641720838387
1564.4576029188192
1688.7351650601697
1564.4576029188192
1574.4027030420332
1566.6944911771593
1586.1389022168144
1591.661440724392
1581.580860301588
1567.9324307641364
1617.241713257577
1624.9238341982164
1862.3446061751015
1865.4955047056167
1862.3446061751015
1831.5715466552067
1810.7351341881879
1820.4908843492142
1810.1565213583513
1829.4057258214348
1564.3565498284024
1586.8159819450527
1572.5605893836398
1563.3041067591623
1556.2160305659593
1553.4272007967827
1554.4814844452503
1555.1653752165003
1560.8438225250245
1575.1852905667758
2453.9075925377438
2351.717679280338
2456.652386843682
2502.1563461538267
2471.642828058198
2451.5420344042905
2443.7408415003165
2480.2140692905823
2435.1801983169157
2434.613822190199
2462.4431693377205
1574.4160386930953
1566.6146671620845
1560.4909633761936
1564.4143873131984
1576.1135680025764
1560.757991631161
1569.2559426380153
1562.6914653404733
1571.846666522217
1568.8432874066639
1569.2999359142077
1579.730584847832
1568.9565870375566
1579.730584847832
1564.399799592763
1688.5294303763703
1688.602420461205
1681.7068307658628
1704.4966006280852
1692.4259328777732
1693.7629587830995
1688.5588262173383
1699.6682099874267
1686.3490974196848
1705.3715189906623
1683.498498253415
1693.3952845252215
1697.2409690005916
1732.5737733615827
1708.6781368884654
2743.1467020541904
2458.2817782822126
2469.7877983964427
2465.673588854541
2477.9570850858786
2477.4012221224816
2420.975961133415
2440.231576280588
2498.692233253082
2566.9543276572863
2543.3780065130736
2571.6866516887007
2539.6592327055037
2565.2473263940583
2483.95839582191
2458.831788353758
2489.6792394683066
2442.861939390678
2458.1689256158375
2688.5250262287464
2686.9332656706133
1742.3172710049582
1756.2861136028603
1716.3865805494884
1756.2861136028603
1733.360018436158
1753.8789775823498
1751.8729380916159
1743.8927506025298
1728.0486457888037
1735.1523809596665
1734.6105290479395
1742.5353344662258
1734.6105290479395
1742.5353344662258
1717.8394625334338
1729.2609642960313
1736.5581535266163
1731.1743203928006
1725.4831686875655
1732.3035497018432
1725.4831686875655
1725.4831686875655
1755.234445648177
1739.081403326655
1726.2944170589428
1733.5774829463642
1735.7750094671558
1722.489306070719
1741.6068859815898
1751.9722128899398
1721.1011392264843
1747.614653374898
1709.715579330911
1713.5727683603343
1735.459379495185
1728.4302755770461
1720.2891381637478
1710.2800909081482
1727.1894628437794
1729.5397730934392
1615.7733920761368
1641.7066601746124
1565.3168540208787
1570.4906827342636
1570.1426608881086
1563.0827034921329
1557.7246735963317
1573.2686316266277
1553.6767146919208
1603.3150148546376
1596.008360952794
1610.4013483650397
1618.284741283357
1615.1358945140303
1614.847264945499
1574.150398221922
1574.2661582559654
1805.5142790431973
1843.407448527777
1831.0298231560294
1824.1283607895705
1795.1592120668756
1856.0674871571473
1838.7737701535987
1844.5696513139883
1840.9873439464593
1838.9565497720623
1834.0643060879395
1843.0675238873248
1867.0973904934415
1843.0675238873248
1857.66709900758
1850.8892671652877
1843.6277642915657
1718.3572125198266
1729.572873620665
1742.2864834567754
1862.7156639173515
1725.65106127273
1734.4635012350004
1742.499055903548
1728.8608550216704
1758.99455042612
1725.0250029334325
1741.5154272849813
1602.6904128475721
1615.4926502026697
1633.7373899467666
1606.8049851154224
1738.5561026331357
1606.8049851154224
1738.5561026331357
1606.8049851154224
1609.420182156033
1625.3440199277259
1617.1254751660013
1625.3440199277259
1617.1254751660013
1630.2875081581149
1600.0307391455044
1743.7740508392023
1710.3951522527627
1725.2072174914454
1741.6599071815963
1720.4412629911176
1741.8614586836661
1716.3531161517974
1705.7136463363522
1723.8899569897048
1707.0043598887855
1701.6235178980085
1725.0644064765615
1604.5809307672994
1600.3391608567738
1601.2932785591438
1607.4423631003876
1622.0569572561253
1600.3391608567738
1637.0518735688224
1621.0038841935402
1611.7352094140747
1630.0828940702368
1626.7684671877018
1637.1927544839052
1628.5446516422887
1628.3179147778824
1615.8060766590581
1610.1544474130867
1615.8060766590581
1624.1856758822266
1614.7480908232342
1617.823452212762
1614.7480908232342
1623.4125761192497
1618.7282419395904
1615.2430143915165
1599.491590563814
1601.3905695959002
1602.0654345368248
1612.6475368060621
1618.137905798645
1612.6475368060621
1618.137905798645
1595.2509482462915
1608.7662506631723
1605.4513634090363
1608.7662506631723
1605.4513634090363
1597.320684167874
1609.7209859125483
1616.2760677248564
1619.827114250654
1578.607168608043
1574.8132709299148
1568.9342682547094
1568.8172346442377
1589.369510837641
1564.3021463602754
1594.8949585400017
1575.6561160039462
1583.843240479113
1594.560460755647
1572.4064504418284
1561.2840319225588
1582.7123658893659
1561.2840319225588
1579.7626673431384
1561.2840319225588
1578.3026575631638
1561.2840319225588
1578.3026575631638
1576.3615381579348
1583.8926917575295
1573.899662864985
1566.3195123747298
1560.5790664634994
1566.3195123747298
1560.5790664634994
1583.591527984255
1581.253588383507
1564.2183239796855
1566.214872364346
1572.4512958938615
1685.9933300532616
1663.2995854827757
1562.5398778931408
1561.4943869912265
1569.6303391408708
1630.9022401084928
1623.583856190023
1630.9022401084928
1623.583856190023
1613.3054792805572
1623.583856190023
1617.9973942530426
1594.642678606525
1618.1801141010117
1611.7667847222506
1609.2851872868002
1692.1236628798035
1714.0212831062938
1723.6257520714814
1744.9906485735944
1724.4827651160613
1761.7023240082412
1744.7057498036925
1748.8335953495846
1744.8965556063865
1742.0448147548796
1729.942601909658
1742.716987762757
1742.0738384374024
1742.716987762757
1785.6349911750551
1753.8297890704935
1759.8634525402224
1727.6320866928831
1741.3101662971228
1738.5953134282008
1686.1582786085323
1693.3813859927272
1686.1582786085323
1697.5523921117094
1702.8890019926348
1586.1813664313104
1584.885684649421
1596.6821224912303
1584.067729041793
1582.1837850898744
1606.2539937169147
1603.090709761938
1675.2565678094547
1685.782312151479
1675.2565678094547
1685.782312151479
1746.06699515161
1743.1192888869311
1629.8016890288
1640.620407589843
1647.706317355445
1639.4446934749596
1628.6679250997354
1635.5248376862185
1628.6679250997354
1636.0083870405622
1627.716713984648
1636.0083870405622
1627.716713984648
1643.3615441360623
1627.716713984648
1673.3062766687885
1618.0273673299919
1620.2119662974646
1777.5222071877654
1770.856852459529
1760.4449374093826
1717.3542299243386
1760.4449374093826
1761.8951026843688
1751.733429565314
1756.6407640011812
1742.9623084460668
1768.6049953613615
1751.5777719678404
1768.6049953613615
1753.6492880652308
1762.4441777847535
1751.3250587713949
1751.0812009062074
1774.1983204414428
1770.3649085561965
1771.4337498994082
1776.289710726032
1769.816673869354
1776.289710726032
1770.3880803669103
1776.289710726032
1784.9189306297155
1759.2741685946623
1774.3523737120963
1759.2741685946623
1764.0250843422757
1765.4142054327872
2832.78318241926
2844.1911850822416
2832.78318241926
2864.991583308286
2832.78318241926
2863.932785916918
2856.2403900611093
2863.932785916918
2845.343474873611
2863.932785916918
2845.6816654017266
2817.323072918643
2717.5243350759283
2817.323072918643
2821.9857787146043
2788.762363883732
2827.0076850326964
1699.3382209835534
1717.9018827214122
1706.2595073680209
2745.8880409065837
2759.5706675161578
2777.113635345666
2759.5706675161578
2777.113635345666
2759.5706675161578
2809.2717482267967
2728.4607817371875
2740.3253903807895
2757.9288507734836
2746.9056629886472
2757.703510751433
2768.10647476603
2821.4116715749688
2909.291616625652
2737.3064139484477
2794.798500700442
2701.957368109013
2707.226206677695
2751.560897480165
2739.2970026326107
2751.560897480165
2760.0795248400386
2683.1715529640633
2760.0795248400386
2772.3964645409183
2629.7370530980447
2698.274286959246
2629.7370530980447
2639.902164884533
2601.4198059583678
2649.201152690808
2601.4198059583678
2606.0450945165408
2717.935681742194
2606.0450945165408
2807.173492148359
2606.0450945165408
2727.584872301941
2695.5059519566043
1702.055210399413
1709.620776885595
1703.224727196175
1691.271912588697
1656.8667894837122
1668.7055888245495
1690.994564726618
2618.376659096142
1690.994564726618
1810.0463005491126
1798.7390554900176
1868.0555402604582
1842.9063551012243
1831.264610436966
1798.7390554900176
1831.264610436966
1787.4769400167881
1812.8539308135803
1822.8169793295094
1793.2703809758134
1784.680156911783
1785.926126800121
1805.1300281114852
1864.717652104237
1862.7752905688528
1804.6857747007437
1813.5100384881594
1801.2343345702616
1813.5100384881594
1801.2343345702616
1801.2343345702616
1801.2343345702616
1866.2109954843509
1798.0151906700303
1809.719137234518
2961.636427921889
1809.719137234518
1802.2595244545948
1795.6863372606924
1849.2252235359156
1795.6863372606924
1790.775017730038
1778.719112239216
1791.3708789993163
1788.267243009253
1794.8658623477354
1788.267243009253
1794.8658623477354
1803.3024980474795
1790.0718147279092
1784.9508899824475
1769.2615697165827
1768.6149495603152
1768.1565735214597
1779.457220806539
1777.4915476218284
1785.9468979401001
1713.500326157122
1733.6178922213958
1749.4513797994734
1771.6975033787746
1703.2608575837835
1701.5867764770474
1693.3338507488966
1698.1685955863456
1703.401314067115
1706.5158943650488
1736.601230081555
1704.404371472116
1674.0961777989196
1704.404371472116
1716.175953805743
1704.404371472116
1716.175953805743
1704.404371472116
1732.3888489699216
1701.7775604114308
1715.4476141573682
1693.1117712363891
1707.0770909739215
1824.5236162681115
1817.748716899177
1860.2855604173083
1829.5213113949076
1860.2855604173083
1829.5213113949076
1846.9148739234324
1825.6486930714048
1813.100801748488
1825.6486930714048
1861.0251388742965
1865.7150983116173
1861.0251388742965
1843.2517276954482
1845.1832328292514
1842.8368921207896
1832.1584053308898
1850.687336664907
1832.9442347534925
1850.687336664907
1832.1584053308898
1826.8285910756013
1820.6955714745186
1819.1485235148855
1820.6955714745186
1819.1485235148855
1845.574390522696
1846.1062800186926
1845.574390522696
1850.637819362286
1845.574390522696
1842.2832975469953
1845.574390522696
1842.2832975469953
1838.106725743319
1838.641219656392
1852.1733983228546
1825.8874737823614
1852.1733983228546
1836.7499049582918
1862.0648230237277
1836.7499049582918
1863.6709752388697
1837.1214824859724
1863.6709752388697
1876.2476844694324
1842.1227075233971
1848.3441530162547
1828.177312072388
1848.3441530162547
1866.0579560279339
1824.9097710311542
1804.3747984009212
2959.4885013827543
1804.3747984009212
1824.9097710311542
1779.2091178692735
1800.7292829093851
1779.2091178692735
1790.548628568318
1768.4695642291886
1767.6946954577722
1774.1046560568004
1838.1504820475807
1774.1046560568004
1838.1504820475807
1812.0037460265664
1838.1504820475807
1812.0037460265664
1836.4332461958047
1812.0037460265664
1836.4332461958047
1832.0995143508774
1831.8791657679556
1832.0995143508774
1831.8791657679556
1825.2314689352297
