2043.7246231886568
39.51706578176937
33.73821068746748
28.806202803277472
24.595182106955956
20.999751154854664
17.929920101059473
15.308854284826001
13.070951140969411
11.160198237627547
9.528771344375228
8.13583744207603
6.946532714875105
5.931089944959542
5.064093469250222
4.323843050610546
3.6918107420453325
3.1521771494337014
2.6914354861357417
2.2980535095638785
1.9621848778206694
1.675422702486894
1.430589128426176
1.2215556747666574
1.043089840633497
0.8907241345223823
0.760644250534952
0.6495935937635648
0.5547917597128742
0.47386493697106463
0.4047864803481217
0.3458261722129438
0.29550690130785373
0.2525676765664234
0.21593204363562232
0.1846811123451733
0.1580305350154335
0.13531083413490608
0.11595059331827041
0.09946210109002188
0.08542908022489852
0.07349615886745159
0.06335989794885744
0.05476102824652996
0.04747783925077115
0.041320462697391376
0.03612591703448837
0.03175397631571423
0.02808348518987532
0.02500938336289893
